DEM数据/dem.txt
ncols         413
nrows         357
xllcorner     5280.8177688837
yllcorner     1275.157143892
cellsize      5
NODATA_value  -9999
[rows 140 to 167 of 357, columns 0 to 62 of 413]
965.4838 962.8743 964.4131 966.6078 968.5591 970 970 970.8222 972.0996 972.4261 972.0529 973.2781 974.5034 975.7285 976.9537 978.179 979.4041 980.809 982.388 984.1088 984.3994 983.3079 982.0795 980.8063 979.2619 977.2824 974.8205 972.0194 974.61 977.2006 978.1639 978.7121 976.8718 975.8401 973.4579 973.8201 977.7178 981.8345 985.713 989.4907 991.9297 994.2753 996.9074 999.5395 1003.893 1008.587 1012.542 1016.178 1019.814 1021.723 1023.538 1025.354 1027.169 1028.928 1030.538 1032.647 1034.544 1036.182 1034.404 1032.627 1031.144 1029.434 1028.198
965.1243 962.6075 963.4768 965.403 967.3347 969.3265 970 970.295 971.4115 971.4395 972.6647 973.8899 975.1151 976.403 977.7065 979.0101 979.8702 980.3553 981.8134 982.9961 982.797 981.9728 980.8109 979.4218 977.7066 975.7883 973.7934 971.559 974.1496 975.2015 975.7651 976.0837 974.222 972.1022 972.4777 976.1597 980.0641 983.8725 987.5363 990.7432 992.9735 995.2038 997.4341 1000.03 1003.874 1008.569 1012.528 1016.164 1019.997 1022.028 1024.049 1025.823 1027.597 1029.37 1031.222 1032.921 1034.818 1036.716 1035.805 1034.09 1032.912 1030.804 1029.235
964.3712 961.9058 962.5914 964.4131 966.4049 968.3967 970 970 970.8321 972.1356 973.4391 974.7427 976.0463 977.3498 978.6533 979.6561 979.8181 979.9456 980.6975 981.5142 981.1946 980.4538 979.4456 977.6649 975.9637 974.1883 972.3148 971.0986 972.2482 972.7949 973.3319 973.4553 971.5722 971.9752 974.9454 978.7253 982.2526 986.0327 989.7209 991.6789 993.4962 995.6503 997.9875 1000.554 1004.477 1008.551 1012.514 1016.337 1020.1 1022.129 1024.159 1026.189 1028.186 1029.96 1031.884 1033.583 1035.092 1036.99 1037.207 1035.913 1034.681 1032.572 1030.463
963.139 961.243 962.8292 964.3465 965.6467 967.4668 969.4586 970 971.7789 973.0824 974.3859 975.6895 976.993 978.2966 979.4421 979.5986 979.7262 979.6539 979.3575 979.6859 979.4392 978.7627 977.6811 976.2545 974.2376 972.5057 970.67 969.311 969.8453 970.3883 970.7035 970.8268 971.7438 974.5836 977.4233 981.1451 984.7164 988.2877 990.8943 992.7625 994.5798 996.3972 998.2144 1000.82 1004.807 1008.812 1012.618 1016.43 1020.138 1022.318 1024.448 1026.469 1028.491 1030.519 1032.525 1034.453 1035.944 1037.263 1038.608 1037.736 1036.449 1034.34 1032.232
961.899 961.3664 962.9902 964.6141 966.1016 967.4018 968.702 970.1209 972.1388 974.0292 975.3327 976.6363 977.9398 979.228 979.3792 979.5068 978.7667 977.9812 977.8788 977.9432 977.5901 977.1768 975.9444 974.8351 973.0513 971.0344 969.3094 968.1523 967.4936 968.2378 969.7442 970.601 973.9899 976.9401 979.8516 982.7286 986.0027 989.2769 991.3374 993.0539 994.9704 996.9122 998.7929 1001.408 1005.339 1009.3 1013.024 1016.66 1020.177 1022.357 1024.521 1026.685 1028.849 1030.963 1033.011 1035.059 1037.023 1038.305 1039.435 1039.558 1038.224 1036.392 1034.255
960.7136 961.5274 963.1512 964.7751 966.399 967.8568 969.1569 970.6292 972.4836 974.4929 976.2795 977.5831 978.8866 979.1598 978.6649 977.8795 977.094 976.3085 976.4001 976.3149 975.741 975.4289 974.4747 973.152 971.8649 969.8116 967.311 965.9533 965.6349 967.7178 969.6679 972.4444 975.6309 978.8636 981.572 983.9944 986.9625 990.124 991.8405 993.557 995.2735 997.0873 999.0382 1001.884 1005.599 1009.359 1013.153 1016.941 1020.346 1022.534 1024.722 1026.911 1029.078 1031.368 1033.752 1035.704 1037.628 1039.592 1040.103 1040.222 1040.067 1038.372 1035.953
960.5387 961.6884 963.3123 964.9361 966.56 968.1838 969.6119 971.2555 973.0452 974.879 976.8514 978.5298 978.5632 977.7778 976.9923 976.2068 975.4214 974.7319 974.9214 974.6349 974.037 973.6451 972.8361 971.6824 970.3597 968.0739 965.462 964.931 967.1156 969.3002 971.9954 974.9484 977.8944 980.8315 983.2589 985.6862 988.1123 990.6271 992.3436 994.0601 995.7766 997.4931 999.2095 1002.2 1005.539 1008.867 1012.545 1016.402 1020.232 1022.433 1024.634 1026.834 1029.002 1031.38 1033.962 1036.388 1038.57 1040.069 1040.34 1040.44 1040.229 1039.84 1037.191
960.3638 961.8494 963.4733 965.0971 966.7209 968.3448 970.0173 971.8735 973.6714 975.4611 977.2744 978.0065 976.8906 976.1051 975.3196 974.5342 973.7487 973.2089 973.272 972.9548 972.4094 971.796 971.1423 970.1458 967.6046 964.8768 963.2878 966.7878 968.9724 971.4924 974.3101 977.2822 980.1564 981.9409 983.9739 986.3967 988.8195 990.8766 992.5864 994.296 996.0057 997.6849 999.3477 1001.867 1004.94 1008.201 1011.773 1015.8 1019.872 1022.131 1024.302 1026.445 1028.588 1030.881 1033.463 1036.046 1038.63 1040.16 1040.452 1040.631 1040.37 1040.109 1038.515
960.3865 962.0104 963.6343 965.3113 966.9913 968.6713 970.4077 972.2856 974.176 976.0315 977.8346 976.9763 975.5482 974.2638 973.647 972.8615 972.076 971.6859 971.5935 971.2747 970.7819 970.1308 968.6594 966.8121 964.3255 962.0577 965.4193 968.6446 971.0696 973.8873 976.7051 979.5901 981.5389 983.3233 985.1077 986.8921 988.9818 990.9911 992.6833 994.3461 996.0088 997.6716 999.3343 1001.842 1004.915 1007.946 1011.083 1015.166 1019.226 1021.744 1023.888 1026.031 1028.174 1030.382 1032.965 1035.555 1038.15 1040.097 1040.435 1040.77 1040.576 1040.279 1040.021
960.5239 962.3096 963.97 965.6356 967.3134 968.991 970.7988 972.8029 974.7337 976.5801 977.0201 975.7032 974.3809 973.0272 971.6266 971.0614 970.4034 970.163 969.8229 969.1646 968.2189 966.8594 965.3699 963.1918 961.2667 964.4783 967.6223 970.6467 973.4315 976.0833 978.7351 981.1347 982.5058 983.9104 985.7028 987.4952 989.2877 991.0028 992.667 994.3312 995.9954 997.6581 999.3209 1001.818 1004.627 1007.423 1010.307 1014.336 1018.398 1021.312 1023.46 1025.607 1027.755 1029.909 1032.479 1035.074 1037.669 1040.034 1040.365 1040.695 1040.734 1040.453 1040.196
960.2399 962.1315 964.0231 965.9147 967.8062 969.4855 971.2766 973.1454 975.1653 977.0004 975.6125 974.2537 972.9421 971.6306 970.3191 968.3522 967.7339 967.5235 966.5001 965.7024 964.7496 963.417 962.0782 960.9744 963.5707 966.9594 970.0797 972.0086 974.5226 977.3295 980.1905 982.649 984.0201 985.3911 986.7622 988.1332 989.5043 990.9648 992.6147 994.2646 995.9145 997.5381 999.1364 1001.283 1004.07 1006.844 1009.618 1013.475 1017.571 1020.881 1023.028 1025.176 1027.403 1029.817 1032.32 1034.83 1037.333 1039.63 1040.198 1040.628 1040.892 1040.628 1040.37
959.923 961.8476 963.7844 965.7222 967.66 969.5978 971.5563 973.5203 975.4844 975.8118 974.3066 972.8353 971.4927 970.1812 967.5024 964.9737 964.7672 964.7503 963.609 962.2947 961.2802 960.1528 960.9086 963.681 966.0732 969.0607 971.5026 973.5516 975.4806 977.9944 981.1193 984.1633 985.5344 986.6846 987.6276 988.5705 989.5135 990.7986 992.4236 994.0218 995.6432 997.268 998.8928 1000.839 1003.477 1006.252 1009.026 1012.626 1016.744 1020.449 1022.597 1024.897 1027.197 1029.212 1031.424 1033.713 1035.907 1038.185 1040.09 1040.519 1040.884 1040.795 1040.54
959.8 961.8464 963.7842 965.6799 967.5833 969.667 971.5813 973.5546 975.526 974.6272 973.0807 971.5896 970.0985 967.1976 964.2999 961.5952 961.8004 961.9772 960.718 959.5638 960.0081 960.7753 963.5917 966.4081 969.0769 970.4469 972.5798 974.7126 976.8455 978.9279 981.5844 983.7946 984.7079 985.613 986.5181 987.4232 988.611 990.5124 992.149 993.7855 995.4221 997.0586 998.6952 1000.561 1003.294 1005.929 1008.564 1011.849 1015.917 1020.018 1022.114 1024.192 1026.269 1028.32 1030.346 1032.657 1034.968 1037.252 1039.531 1040.312 1040.592 1040.797 1040.69
959.3185 961.5719 963.6226 965.7062 967.7899 969.8737 971.7322 973.5906 975.0634 973.4766 971.8866 970.3453 966.954 962.8396 959.7233 959.1224 959.0111 959.262 958.3884 958.5214 960.2855 962.9019 965.644 968.4068 970 970.976 973.1088 975.2417 977.3746 978.6727 979.8193 981.6804 982.9667 983.8718 984.7769 986.1746 988.1968 990.1772 991.8138 993.4503 995.0869 996.7243 998.3621 999.9999 1002.761 1005.523 1008.284 1011.42 1015.205 1018.991 1021.524 1023.594 1025.57 1027.545 1029.521 1031.748 1034.009 1036.231 1038.348 1040.082 1040.301 1040.529 1040.722
957.9868 961.2366 963.4553 965.674 967.8927 970.071 971.8488 973.6141 974.0318 972.5258 970.9754 968.619 964.3735 959.8628 958.22 957.4881 956.8746 956.7496 957.3987 959.7114 962.1616 964.778 967.3943 970 970 971.505 973.6379 975.699 976.6661 977.7551 978.942 980 981.2255 982.1306 983.7383 985.7604 987.7827 989.8048 991.4786 993.1157 994.7535 996.3914 998.0292 999.6671 1002.2 1004.905 1007.551 1010.282 1014.087 1017.892 1020.84 1022.814 1024.789 1026.763 1028.697 1030.676 1032.877 1034.992 1037.22 1039.056 1040.113 1040.331 1040.476
956.6532 960.5099 962.7346 965.3203 967.906 970.2355 971.5997 973.2825 973.1362 971.7103 970.2844 967.0113 963.2803 959.5503 956.996 955.8712 955.2554 955.9344 958.4465 960.8337 963.0182 965.2027 967.41 969.8393 970 972.0341 973.7067 974.6738 975.6908 976.8658 978.1893 979.5128 980 981.3885 983.4258 985.4631 987.5003 989.3919 991.0604 992.6896 994.3188 995.9481 997.5773 999.2493 1001.466 1004.111 1006.757 1009.402 1012.907 1016.499 1020.05 1022.024 1023.999 1025.888 1027.767 1029.699 1031.872 1033.953 1035.772 1037.609 1039.446 1040.113 1040.238
955.8843 959.9355 962.7889 965.623 968.3019 970.4252 971.6639 973.1257 972.2283 971.14 969.2516 965.5427 962.2353 959.1324 956.4562 954.2544 954.5517 957.0631 959.5751 961.8151 963.9996 966.184 967.7333 969.2735 970.4303 971.7144 972.6816 973.6487 974.7896 976.113 977.4365 978.76 980 981.5905 983.4694 985.2112 986.9531 988.6949 990.4085 992.0377 993.6948 995.3782 997.0616 998.745 1000.636 1003.213 1005.79 1008.576 1011.824 1015.211 1018.653 1021.207 1023.193 1025.175 1027.06 1028.945 1030.676 1032.49 1034.325 1036.299 1037.934 1039.346 1039.741
954.8268 958.6739 961.6752 964.4341 967.6323 970.2695 971.2593 972.2607 971.2711 970.3132 968.2004 964.9384 961.631 958.6435 955.9672 952.9831 955.5545 958.1919 960.6119 962.3422 963.8022 965.1841 966.566 967.948 969.4263 970.6893 971.6564 972.7134 974.0369 975.3604 976.6838 978.1915 979.7578 981.4577 983.1821 984.9064 986.6307 988.3094 989.7802 991.4174 993.0839 994.7623 996.4646 997.9805 999.6359 1002.01 1004.872 1007.958 1011.146 1014.533 1017.766 1020.607 1022.535 1024.347 1026.16 1027.787 1029.331 1031.139 1033.153 1034.929 1036.34 1037.37 1037.967
953.2719 956.7357 960.2421 963.7171 967.1802 970.15 970.9933 971.49 970.7116 969.4501 966.7812 964.0042 961.0068 957.877 954.6255 952.9935 955.9351 958.9666 960.5579 961.4044 962.2509 963.235 964.6169 965.9988 967.3808 969.3066 970.6447 971.9882 973.5544 975.1207 976.687 978.2533 979.8196 981.5258 983.2501 984.7792 986.25 987.7208 989.2161 990.796 992.4984 994.0873 995.5524 997.2078 998.8632 1000.866 1003.952 1007.038 1010.338 1013.543 1016.748 1019.613 1021.563 1023.375 1024.999 1026.576 1028.265 1030.007 1031.924 1033.329 1034.691 1035.365 1036.333
952.3328 955.7968 959.103 962.5209 965.6665 968.8121 970.4192 970.5179 970.0093 967.9783 965.2986 962.6297 959.7886 956.4874 953.1899 953.7461 957.0117 960.0121 960.8585 961.705 962.5515 963.3979 964.2444 965.0909 965.8868 967.8778 970.322 971.9077 973.4933 975.079 976.6647 978.2335 979.794 981.2993 982.7963 984.2932 985.7852 987.2578 988.7303 990.2344 991.6664 993.1242 994.7796 996.3533 997.9254 999.4975 1002.371 1005.795 1009.22 1012.474 1015.296 1018.105 1020.59 1022.237 1023.854 1025.545 1027.286 1028.932 1030.318 1031.688 1032.994 1033.913 1034.636
951.7452 955.1992 958.2053 961.1285 964.2661 967.3491 968.7167 968.9485 967.7709 966.3752 963.9406 961.2702 958.2843 955.0341 951.7489 954.3044 957.9743 960.3127 961.1592 961.9407 962.6526 963.3645 964.0764 964.7883 966.5902 968.7365 970.1761 971.6778 973.1795 974.6813 976.2206 977.7812 979.3417 980.8655 982.3544 983.8214 985.2136 986.6058 987.8743 989.2218 990.6935 992.3129 993.9614 995.6099 997.18 998.7158 1000.583 1004.144 1007.705 1011.158 1013.985 1016.71 1019.241 1021.132 1022.826 1024.416 1025.962 1027.358 1028.624 1030.037 1031.245 1032.512 1032.939
951.5345 954.3322 957.1185 959.9048 962.9532 965.3055 966.9269 967.099 965.5815 964.3428 962.2284 959.7541 956.8016 953.5898 951.3683 955.0131 958.6556 960.1302 960.8421 961.5541 962.266 962.9779 963.6898 965.4518 967.5958 969.7402 970.0901 971.5919 973.0936 974.5953 976.097 977.5988 978.828 980.1835 981.5757 982.968 984.2446 985.4796 986.7249 988.176 990.0798 991.7283 993.3095 994.8453 996.3811 997.9169 999.4527 1002.292 1006.07 1009.957 1012.514 1015.063 1017.612 1019.863 1021.451 1022.992 1024.398 1025.713 1026.894 1028.309 1029.832 1030.815 1031.242
950.4177 952.7773 955.8972 958.6853 961.6149 963.4824 964.8997 965.0304 963.8204 962.2289 960.5162 957.7122 954.809 952.0457 951.7462 955.7363 959.3839 960 960.4555 961.1675 961.8794 962.5913 964.3134 966.4574 968.1135 969.3812 970.0042 971.5059 973.0076 974.5093 975.6905 976.5653 977.4401 978.9605 980.6149 981.8499 983.0849 984.3198 985.672 987.4963 989.5817 991.2441 992.7404 994.2368 995.7332 997.2296 998.726 1000.565 1004.761 1008.197 1011.095 1013.643 1015.894 1017.973 1020.021 1021.428 1022.814 1023.901 1025.164 1026.651 1028.076 1028.832 1029.397
951.3043 950.6902 953.8102 956.9301 960.0378 962.1103 962.8601 962.9617 962.0593 960.4678 958.892 956.5208 953.8338 951.1469 952.3901 955.1487 958.407 960 960.0689 960.7808 961.4928 963.175 965.0022 965.9495 966.8969 968.6234 970 971.4199 972.553 973.4278 974.3026 975.1774 976.0522 977.6362 979.1343 980.6901 981.9251 983.175 984.8998 987.1791 989.6598 991.2911 992.7088 994.1264 995.5441 996.9617 998.3793 999.797 1003.276 1006.436 1009.597 1011.94 1014.064 1016.188 1018.057 1019.829 1021.003 1022.089 1023.47 1024.807 1025.923 1026.585 1027.231
952.2233 950.1401 951.7231 954.8461 957.9815 960.1055 960.8206 960.8931 960.1802 958.7248 957.1556 955.5863 952.9351 950.2753 953.0339 955.7926 958.4708 959.8743 960 960.3942 961.8909 962.8383 963.7856 964.733 965.6803 967.2941 969.8373 970.5278 971.165 972.0399 972.9146 973.7894 974.6642 975.8785 977.2915 979.2538 980.7654 982.3033 984.8085 987.7018 990.2586 991.5161 992.7735 994.0309 995.3212 996.7189 998.1167 999.5144 1002.23 1005.452 1007.833 1010.191 1012.315 1014.314 1016.058 1017.504 1018.912 1020.29 1021.538 1022.711 1023.762 1024.358 1025.077
952.3845 950.0363 950 952.9078 956.0957 957.3605 958.3364 958.4267 957.4904 956.5831 955.3087 953.8499 952.0363 950.9193 953.6779 955.1618 956.5811 958.1663 959.8917 960.3943 962.2271 963.1999 964.1727 965.1454 966.1182 967.9311 970.3157 970.8547 971.3592 971.8636 972.3682 972.8726 973.3771 974.9045 976.5344 978.3766 980.2982 982.9484 985.8824 988.8165 990.7382 991.9897 993.2412 994.4927 995.7441 996.9957 998.2471 999.4855 1001.269 1003.535 1005.872 1008.253 1010.565 1012.271 1013.954 1015.024 1016.475 1017.808 1019.361 1020.55 1021.525 1022.274 1022.848
952.6333 950.6467 950 951.1537 953.6445 954.5771 955.5154 955.658 954.7776 954.0677 952.8907 951.6163 950.3419 950.5251 951.8671 953.4991 955.2245 956.95 958.6754 960.1586 962.2886 964.4185 966.5484 967.7015 968.7136 970.3265 972.0201 972.8482 973.4067 973.9111 974.4156 974.9202 975.6545 976.8018 978.4259 979.728 981.728 984.3139 986.8238 989.4031 990.8007 992.0522 993.3036 994.5552 995.7577 996.8574 998.0107 999.218 1000.798 1003.064 1005.33 1007.529 1008.953 1010.166 1011.8 1012.576 1013.885 1015.22 1016.927 1018.14 1019.237 1020.19 1020.618
953.008 951.1638 950 950 951.1932 951.8403 952.4694 952.8275 952.0648 951.3549 950.4727 949.6004 949.6513 950.1227 951.434 953.1053 954.8801 956.6549 958.4297 960.3289 963.1833 965.2311 967.2182 969.2053 970.9722 972.2709 973.7135 974.6443 975.3807 975.9587 976.4631 976.9677 978.0894 979.0365 980.3785 981.9203 983.5928 985.2946 986.9964 989.3265 990.8632 992.0299 993.1296 994.2294 995.3453 996.5526 997.7599 998.9673 1000.328 1002.594 1004.679 1006.339 1007.501 1008.662 1009.466 1010.098 1011.18 1012.805 1014.432 1015.571 1016.586 1017.607 1018.049
