DEM数据/dem.txt
ncols         413
nrows         357
xllcorner     5280.8177688837
yllcorner     1275.157143892
cellsize      5
NODATA_value  -9999
[rows 280 to 307 of 357, columns 0 to 62 of 413]
935.4728 932.2471 928.0267 922.7344 917.1975 911.9334 908.7291 908.2956 910.795 916.5816 921.7632 926.0716 930.4623 934.2191 937.5233 940.7212 943.7554 946.9417 950.068 954.4599 960.6307 962.7216 964.8124 966.9033 968.8986 970.1906 971.4423 972.764 973.3515 974.0383 975.2198 976.6187 978.1647 979.1539 979.779 980.3248 980.8275 981.6219 982.4811 983.2953 984.2466 985.2819 985.9331 983.9321 982.0768 979.8784 977.7797 975.681 973.6536 972.3989 971.1442 969.7576 967.6907 966.1017 964.222 962.2603 960.0081 958.7844 957.5129 956.2321 954.8469 953.5243 952.2114
934.5487 931.6522 927.2752 921.8407 916.6677 911.1125 908.2399 908.6322 911.823 917.4382 922.5781 926.9485 931.4291 936.1252 940.3859 942.8698 945.6545 948.6563 952.4669 957.0488 961.1526 963.0933 965.1307 967.222 969.3133 971.7119 973.3289 974.5815 976.0062 976.5969 977.8018 978.9758 980.1165 981.1196 981.8863 982.3213 982.8241 983.6973 984.6609 985.6246 986.4692 987.4467 985.2146 982.9414 980.8154 978.9975 977.1036 975.1606 973.2177 971.1371 969.3647 966.6132 964.3073 962.9286 961.55 960.1714 958.9471 957.7271 956.5071 955.1778 953.948 952.7182 951.3734
934.1586 931.2669 926.1411 920.0296 915.2076 910.3539 907.6226 909.2154 913.9657 919.7524 924.7479 929.2792 935.2452 940.5913 942.7976 945.2277 948.0123 951.2476 955.5562 959.6102 961.7343 964.0593 966.2444 967.9951 969.7458 972.1038 974.6526 976.4671 977.8237 979.2484 980.2847 981.2103 982.1224 983.0937 983.9658 984.3178 984.8206 985.7728 986.7364 987.7 988.4746 986.4627 984.2595 982.0298 979.7753 977.6902 975.7595 973.8851 971.9421 969.9986 966.6601 963.5449 960.9239 959.7798 959.1121 958.4445 957.8777 956.6699 955.4499 954.2177 952.8591 951.613 950.3832
933.4683 930.6693 924.9954 918.601 913.3929 909.4933 908.9887 910.8264 916.6296 921.7816 926.5896 931.8902 937.6113 942.0559 945.2094 947.5856 950.5796 954.9387 959.481 961.982 964.091 965.7851 967.5213 969.3882 971.4087 973.5602 975.6404 977.6616 979.6413 980.9567 982.2697 983.2158 984.1284 985.0864 986.0453 986.3691 986.8846 987.8483 988.8119 988.9354 987.3284 985.2439 983.0928 980.9418 978.9598 976.8918 974.781 972.6859 970.6666 967.7578 964.3445 961.2087 959.4127 958.1412 957.4736 956.806 956.4484 955.563 954.3255 953.1727 951.9108 950.5522 948.1761
932.7572 929.9293 923.3937 917.1672 911.5708 908.0139 908.7584 913.2673 919.0873 923.7061 928.2672 933.7232 939.6006 943.2833 946.8129 949.9435 954.2706 958.6297 961.6679 964.0872 966.3678 968.1385 969.8359 971.372 973.014 975.2208 977.4276 979.5412 981.2192 982.588 983.8667 985.2054 986.1343 987.0883 988.0813 988.4316 988.9601 989.5572 989.3962 988.1309 986.081 984.0251 981.874 979.7726 978.0071 976.0784 974.1147 972.0532 969.8932 965.9855 962.1037 960 958.925 956.5027 955.8351 955.1732 954.8271 954.4811 953.2484 951.9686 950.8582 948.6243 944.704
931.9406 928.0827 921.3625 915.2547 910 910 910.0273 915.4006 920.5323 924.8433 929.1791 935.2762 941.1694 945.257 948.8966 952.6533 957.0315 960.8353 963.5226 965.9791 968.4355 970.399 971.6795 973.3316 974.9073 976.754 978.9608 980.9264 982.684 984.2635 985.5019 986.7872 988.1365 989.0902 990.0366 990.2012 990.0487 989.8571 988.9334 986.8835 984.8336 982.7837 980.6553 978.7723 977.0068 975.1606 973.197 971.2333 969.135 966.1105 962.6321 960 958.4374 955.8204 954.1965 953.5519 953.2059 952.8599 952.3226 950.9337 948.7111 945.0259 941.171
930.853 925.3951 918.6495 912.3995 909.2295 910 912.1915 917.6025 922.0289 925.6817 929.624 937.9019 942.6928 946.603 950.8718 955.1926 959.1791 962.3452 965.1694 967.7951 970.1643 971.7693 973.3927 974.7892 976.4301 978.4426 980.392 982.143 983.8949 985.6564 987.3077 988.4457 989.751 990.5364 991.0198 991.0482 990.8611 990.1951 988.2131 985.8856 983.5862 981.5363 979.5375 977.772 976.0065 974.241 972.2792 970.3156 967.902 965.8094 963.2054 960.481 957.9498 955.3328 952.7158 951.9307 951.5847 951.2387 950.8927 950.0079 945.3967 941.322 940
929.3297 922.7075 915.9101 909.714 907.182 909.0969 914.2024 919.5441 922.9438 926.632 930.7547 939.7054 944.2347 948.1423 952.248 956.619 960.7175 963.7787 966.6121 969.4454 971.3509 972.9559 974.5609 976.1865 977.8247 979.5286 981.5175 983.3596 985.1105 986.8674 988.6288 990.149 990.8046 991.4041 992.003 991.9591 991.0179 990.2177 988.0417 985.4809 982.9227 980.3644 978.5087 976.7696 975.0062 973.2407 971.3616 969.2335 966.7339 964.3582 962.4495 959.8165 956.8008 954.5078 952.2147 950.3094 950 950 949.7523 946.5912 941.9372 940 940
925.2319 918.8753 912.7012 908.3616 906.7667 910.2622 916.0716 920.8439 924.0337 927.4137 932.5968 940.7017 945.1818 949.6618 953.9306 958.2438 961.8953 965.0635 968.1326 970.5612 972.2071 973.9198 975.7187 977.3525 978.9802 980.669 982.476 984.3703 986.3218 988.0782 989.8398 990.9702 991.8448 992.4708 992.6985 991.678 990.6579 989.4967 986.6672 983.9516 981.3875 979.1965 977.4531 975.7147 973.9759 972.2368 970.4438 968.0653 965.5657 963.066 961.058 958.8949 955.8263 952.9489 950.6558 947.2197 948.1921 948.5551 945.7715 942.8521 938.6986 939.8666 940
920.0242 915.1655 909.7355 907.0247 907.9094 912.0455 917.9407 921.9601 925.1499 928.3397 933.9345 940.7704 946.3256 951.3794 955.6248 959.8666 963.1511 966.3614 969.5717 971.4566 973.0903 974.7363 976.4381 978.2371 980.0399 981.9191 983.6914 985.4872 987.3595 989.2318 990.6367 991.7039 992.7424 993.5135 992.3297 991.192 990.3478 988.2236 985.394 982.5645 979.9054 978.1544 976.4034 974.6564 972.9179 971.1794 969.1429 966.7733 964.3223 961.8714 959.2433 955.9481 953.4697 951.3466 948.4666 944.5724 943.2349 943.6862 942.3291 939.2928 936.2429 935.9398 940.1204
916.5099 911.6223 908.4338 906.1703 908.8856 913.8289 919.8099 923.0763 926.2004 929.1071 934.5828 940.5571 945.8227 951.3038 957.1311 961.1242 964.5977 967.9932 970.6417 972.3531 974.046 975.6526 977.2655 978.9565 980.8373 982.8315 984.7926 986.6985 988.4985 990.245 991.4823 992.5636 993.5499 993.2383 992.0377 990.8334 989.1681 986.3723 983.5765 980.7707 978.7619 977.0534 975.3403 973.6104 971.8596 970.1211 967.5203 964.9777 962.7254 960.401 957.0215 953.4603 950.1675 947.974 945.7745 942.373 938.6008 938.9194 937.9716 936.3423 933.5228 935.8612 940.2759
913.0565 908.9222 906.4847 906.9949 909.6212 915.5586 920.9321 923.8018 926.7043 929.611 934.629 939.8564 945.1125 950.4454 957.2401 962.4361 965.9187 969.4013 971.4613 973.2231 974.9346 976.6353 978.2419 979.8485 981.7214 983.629 985.6231 987.6105 989.5164 991.1688 992.2627 993.4722 993.9674 992.7004 991.4394 990.2388 987.6993 984.8275 981.9672 979.3779 977.5896 975.8601 974.1531 972.4407 970.7275 968.5153 965.8978 963.2325 960.9238 958.5921 956.2051 953.2757 949.8291 946.7057 943.5823 940.4637 936.3316 934.2583 932.8925 932.2103 932.1946 935.8793 940.1483
909.4669 906.5375 906.9006 908.9687 912.093 917.2762 921.9088 925.2155 928.3544 931.8813 935.9001 939.2198 943.8886 949.6111 958.5829 963.4885 967.3364 970.415 972.1797 973.9443 975.7128 977.4858 979.2246 980.9833 982.8839 984.7844 986.6859 988.5881 990.4757 992.4537 993.5477 994.3466 993.2827 992.0442 990.8058 989.1364 986.2988 983.4406 980.5823 978.4113 976.5432 974.7836 973.0239 971.2642 969.3085 966.7276 964.1468 961.5659 959.0696 956.6953 954.3228 951.9503 949.9622 947.0742 944.0696 941.0649 936.8893 932.6083 931.9261 931.2438 932.9451 935.9025 939.5461
905.9594 907.7035 910.2578 913.505 917.0095 920.6788 924.5511 928.4664 931.6104 933.0343 935.6022 938.7271 943.2062 948.8073 958.1014 963.9908 968.6655 971.1334 972.8981 974.6627 976.4274 978.1924 979.9655 982.0543 984.0322 985.9387 987.8451 989.7481 991.6013 993.447 994.4683 993.4379 992.4074 991.2376 989.9983 987.5262 984.914 982.0558 979.4398 977.4445 975.4968 973.7371 971.9775 970.2178 967.9202 965.6256 963.0654 960.5051 957.6281 955.0321 952.6597 950.2872 950 947.1776 944.3195 941.3762 937.1646 931.6418 930.9596 930.8488 933.6956 936.653 939.5989
907.1311 910.7615 914.8464 918.9314 923.0821 926.9692 930.4753 933.1228 935.0746 936.295 937.8651 939.9787 945.606 951.5407 957.8332 963.5757 969.05 971.6042 973.5741 975.4742 977.2285 978.9828 980.8646 982.9058 984.9843 987.0665 988.973 990.6335 992.303 994.2021 993.5761 992.5526 991.4987 990.431 988.3882 985.9161 983.444 980.671 978.4731 976.4778 974.4825 972.6907 970.9311 968.7398 966.2189 964.4451 962.0325 959.4012 956.4462 953.4913 950.9965 950 948.4148 946.2016 943.4046 940.5189 936.5826 931.566 930.3045 931.4888 934.442 937.3719 940
909.1989 913.8671 918.5226 923.4996 928.8812 932.1805 934.6504 937.277 938.4973 939.7177 941.9254 948.6376 951.1455 953.3232 957.2711 962.6906 970.0553 972.0435 974.0195 975.9484 977.8774 979.8063 981.8932 983.9492 985.9885 988.0277 990.0428 991.4462 992.8935 994.1843 992.8982 991.673 990.7046 989.245 986.8689 984.3614 981.8636 979.5016 977.5063 975.511 973.5157 971.6443 969.8246 967.1484 964.5176 962.8293 960.8162 957.8055 954.7204 951.9111 948.7735 946.543 945.3564 943.6518 941.1373 938.1619 934.007 929.8687 929.6694 932.215 935.145 938.075 940
911.8647 915.5916 920.4218 926.4839 931.517 935.6624 938.7112 941.436 943.941 946.446 950.2774 952.6146 954.8702 956.7243 959.7855 965.2722 970.6837 972.6746 974.6541 976.6337 978.6133 980.65 982.82 984.9794 987.0319 989.0711 990.7101 992.0598 993.6149 993.5093 992.2231 990.9369 989.5772 987.7977 985.4255 983.0251 980.4624 978.4058 976.4617 974.5175 972.5491 970.598 968.2332 965.5569 962.8807 961.128 959.7181 957.0034 953.4849 949.9514 945.8219 943.5912 942.2979 941.102 938.1149 934.759 931.2514 927.8727 929.4626 932.5009 935.487 938.3116 941.0986
915.0366 918.2294 922.0924 927.4831 933.7018 938.0702 941.9782 944.5009 947.5018 950.5225 953.3177 955.6511 957.9149 960.1928 963.846 967.6611 971.3651 973.3972 975.4293 977.4254 979.405 981.5178 983.6879 985.8579 988.028 990.0732 991.3775 992.6818 993.7072 992.683 991.3926 990.1021 988.0718 986.0812 984.1241 981.669 979.2994 977.1185 975.1987 973.279 971.3592 969.3212 966.6023 963.9655 961.2893 959.7116 958.8622 958.0129 955.0623 951.5099 947.8954 944.4503 941.7922 940.1122 935.3224 931.9615 928.345 926.7137 930.246 932.4048 934.7805 937.6052 940.4155
917.2974 921.2343 924.8231 928.3945 934.0052 940.5038 944.7956 947.5691 950.3284 953.2369 956.1454 958.6877 961.0265 963.4688 965.9111 969.9417 972.0359 974.0768 976.1093 978.1417 980.1758 982.259 984.3878 986.5166 988.6454 990.3782 991.6472 992.9638 992.6846 991.7567 990.5412 988.7843 986.6904 984.5965 982.6166 980.4506 978.2061 976.0101 973.893 971.9732 970.0534 967.7403 965.2514 962.1614 959.5176 957.4183 956.9926 956.5668 956.1411 951.775 947.9954 945.1194 942.6537 939.9786 934.724 929.3849 925.3877 927.3532 930.9741 933.2403 935.409 937.5778 939.7446
918.6976 923.3983 927.6006 931.3304 936.3589 942.3524 947.2977 950.4314 952.7399 955.7442 958.7502 960.94 963.0805 965.532 967.9835 970.4225 972.6545 974.7172 976.7797 978.819 980.8596 982.9113 984.963 987.0148 989.101 990.6006 991.6454 992.5332 991.755 990.7587 989.4968 987.4029 985.309 983.2151 981.153 979.1895 977.0842 974.9186 972.7214 970.6674 968.4837 966.1594 963.835 960.921 957.5616 954.7671 953.024 952.5983 951.854 949.0679 946.7347 944.2247 941.1757 937.4394 932.4435 927.2413 923.5116 928.4807 931.6642 933.8333 936.0258 938.3221 940.675
919.3558 925.2388 930.4291 934.4832 938.7889 944.0933 950.0417 952.3954 955.2789 957.697 960.5099 962.2533 963.9569 965.5906 967.9833 970.4222 972.803 975.1838 977.3984 979.461 981.3295 983.1354 985.129 987.1226 989.1162 990.4308 991.5732 991.4981 990.8511 990.0778 988.149 986.1035 983.9973 981.8909 979.793 977.7485 975.7805 973.637 971.4935 969.1425 966.9338 964.5999 962.266 959.9301 956.5111 953.0928 950.3513 948.5391 947.1924 945.1698 943.2922 940.7822 937.4193 932.8972 928.8694 925.1885 924.1776 929.7681 932.6216 935.2897 937.6857 939.8547 940.8107
919.4333 926.3239 933.4617 937.6918 941.5162 947.7872 951.6068 953.8981 956.422 959.4247 961.4326 963.2047 964.9767 966.7488 968.5209 970.4221 972.8116 975.208 977.6043 980.0005 981.8076 983.6146 985.4216 987.2286 989.0356 990.2761 990.8071 990.6681 990.004 988.6019 986.7998 984.7693 982.7217 980.6154 978.5673 976.5432 974.3618 972.3333 970.1898 967.4223 965.1157 963.12 960.7861 958.4078 956.007 953.3032 950 947.4869 944.0974 941.2717 939.5845 936.0267 932.277 928.4794 925.5266 922.1451 925.0461 930.3713 932.8401 935.3935 938.3253 940 941.0248
919.618 927.7602 935.5523 940.8098 944.3408 949.7046 952.5286 955.1711 957.7545 960.2648 962.0369 963.7055 965.2928 966.8802 968.4677 970.0907 972.7072 975.3237 977.8761 980.2054 982.0125 983.8823 985.7815 987.0496 988.1224 989.1952 989.9128 989.6113 988.2505 986.844 985.4374 983.4972 981.4224 979.3656 977.3415 975.3174 973.2908 971.033 968.5302 965.7021 963.1309 961.1495 959.0071 957.2426 954.8178 952.3931 949.9502 946.2254 942.7512 939.3824 936.4149 934.5267 929.4787 926.0999 922.721 922.3171 926.3975 930.8408 933.3096 935.7784 938.2471 940 941.2388
919.8026 926.6021 933.9094 940.9887 946.2293 950.6252 953.0475 955.4233 957.9964 960.494 962.0189 963.5438 965.0687 966.6457 968.2331 969.8204 972.3206 974.9772 978.0046 980.6475 982.5468 983.7117 984.8639 986.1658 987.4678 988.5364 988.8548 987.9537 987.0748 985.3077 983.6795 982.2693 980.1946 978.1563 976.1218 974.0947 972.0679 969.9745 965.9786 963.8388 961.1539 958.83 956.209 955.1005 953.5388 951.9769 949.3646 945.5578 941.9196 938.028 934.9465 932.0433 928.7869 924.6605 920.5342 923.6603 927.6907 931.2531 933.6945 936.0637 937.9442 939.8247 941.4529
921.1372 925.7681 932.4917 939.0609 944.5236 949.7567 952.2859 955.2497 958.2135 960.6057 962.1306 963.6555 965.1284 966.5967 968.0731 969.5612 972.2215 975.3719 978.5305 980.6974 981.9994 983.3013 984.6033 985.8794 986.7797 988.012 988.183 986.3522 985.9044 984.248 982.4657 980.7983 979.0403 976.9618 974.9178 972.8834 970.8521 967.7001 963.732 960.6295 958.5994 956.0498 953.4109 952.698 951.1362 949.5112 947.7175 944.3381 941.3619 937.8925 933.9347 930.1324 926.2602 922.1914 921.9625 925.3038 928.645 931.2995 933.423 935.5466 937.6701 939.7936 941.858
922.6782 927.2748 931.6194 936.7546 942.562 947.4503 951.1506 954.0007 957.3702 960.3224 961.7908 963.2772 964.7653 966.2535 967.7416 969.2297 971.5861 975.0581 978.5301 980.4369 981.7388 983.0408 984.1563 985.0565 986.2286 987.4877 987.5112 985.6804 984.337 983.2112 981.4213 979.6093 977.8781 976.0596 974.0271 971.9621 969.7333 965.4203 961.4522 958.0381 955.6234 953.2715 950.6127 950 948.5456 946.7519 944.9582 941.6321 937.6213 933.2354 929.5208 927.3458 923.9387 920.2647 922.7997 925.0767 930.1572 931.9724 933.9584 936.0676 938.1911 940 941.066
923.985 928.3737 932.6891 937.0307 941.2206 945.4443 950.0168 953.4123 956.5983 959.583 961.2723 962.7512 964.2302 965.709 967.1088 968.5966 970.26 974.0049 977.7314 980.1763 981.4783 982.4331 983.3334 984.4453 985.7043 986.9633 986.8395 985.0086 983.1778 982.0095 980.5181 978.6096 976.7025 974.9273 973.0787 971.0463 967.8373 963.3125 959.4056 956.3112 953.2169 950.4939 950 949.1448 947.0794 944.6444 942.2094 939.7104 936.7682 933.1023 928.8439 924.8933 922.1628 920 922.2388 927.7027 931.0505 932.8658 934.681 936.6359 938.7361 940.9105 942.7723
925.6361 930.1701 934.4098 938.6495 942.5681 946.2881 950 952.5231 955.4153 958.3751 960.6738 962.0867 963.4839 964.9202 966.4284 967.9365 969.4447 972.2893 975.8809 979.2719 980.71 981.6102 982.6619 983.9209 985.1799 986.439 986.1677 984.3369 982.506 980.7202 979.2373 977.5735 975.7424 973.8904 971.9988 970.098 965.7576 962.2696 959.0347 956.1284 953.2489 950.561 949.6814 947.7144 945.7473 943.382 940.947 939.8307 936.3188 932.8069 929.1308 924.7778 920.4248 919.7454 922.3779 928.4162 931.4777 933.4808 935.4839 937.3896 939.3133 941.5387 943.8248
