DEM数据/dem.txt
ncols         413
nrows         357
xllcorner     5280.8177688837
yllcorner     1275.157143892
cellsize      5
NODATA_value  -9999
[rows 84 to 111 of 357, columns 0 to 62 of 413]
1012.153 1010.638 1011.115 1013.18 1015.933 1018.49 1021.928 1026.642 1030.836 1033.68 1036.567 1039.454 1041.926 1044.276 1046.607 1048.922 1050.916 1052.885 1054.853 1056.807 1058.679 1060.256 1060.917 1061.185 1060.859 1060.182 1058.946 1057.591 1056.236 1054.88 1053.525 1052.516 1051.663 1050.777 1049.83 1046.083 1041.52 1038.787 1036.969 1035.033 1032.877 1031.267 1029.87 1029.614 1029.773 1030.102 1028.88 1027.257 1024.881 1022.2 1019.104 1014.035 1010.83 1013.315 1017.111 1020.445 1022.624 1024.601 1025.879 1026.884 1027.286 1026.925 1026.878
1014.742 1013.263 1011.836 1012.93 1015.682 1018.435 1022.138 1026.95 1031.028 1033.835 1036.642 1039.439 1042.184 1044.788 1047.392 1049.996 1051.829 1053.66 1055.649 1057.758 1059.868 1060.684 1061.515 1062.325 1061.576 1060.405 1059.297 1058.159 1057.022 1055.708 1054.352 1053.437 1052.701 1051.918 1051.09 1049.331 1044.732 1040.169 1038.238 1036.215 1034.324 1032.934 1032.279 1032.324 1032.407 1032.497 1031.351 1028.588 1025.837 1023.086 1020.335 1015.337 1011.814 1016.112 1020.235 1022.443 1024.486 1026.603 1027.982 1029.125 1029.425 1029.19 1028.931
1017.448 1015.896 1014.25 1013.034 1015.431 1018.517 1022.873 1027.643 1031.277 1033.902 1036.63 1039.39 1042.622 1045.988 1048.694 1050.913 1052.744 1054.576 1056.407 1058.238 1060 1060.303 1061.133 1061.302 1061.062 1060.115 1058.968 1057.796 1056.624 1055.452 1054.605 1054.626 1053.884 1053.064 1052.247 1050.859 1048.03 1043.43 1039.552 1037.661 1035.934 1035.079 1034.752 1034.875 1034.951 1034.878 1033.265 1030.089 1027.326 1024.575 1021.028 1017.105 1014.306 1018.351 1021.674 1024.441 1026.597 1028.516 1030.17 1031.363 1031.863 1031.688 1031.272
1020.139 1018.597 1016.993 1015.388 1015.58 1018.835 1023.389 1028.603 1031.826 1034.451 1036.796 1039.131 1042.921 1046.252 1049.583 1051.741 1053.554 1055.367 1057.179 1058.774 1059.322 1059.582 1059.835 1060.09 1059.993 1058.344 1057.048 1055.95 1054.778 1053.606 1053.303 1054.082 1054.958 1054.224 1053.403 1051.936 1050.434 1046.738 1042.329 1039.108 1037.936 1037.46 1037.226 1037.381 1037.493 1037.259 1034.984 1031.808 1028.815 1025.325 1021.718 1017.879 1017.295 1020.398 1023.107 1025.871 1028.644 1030.565 1032.298 1033.551 1034.424 1034.318 1033.926
1022.608 1021.428 1020.247 1018.732 1018.495 1019.97 1024.644 1030.144 1031.93 1033.856 1036.19 1038.525 1041.773 1046.59 1050.155 1052.467 1054.29 1056.103 1057.53 1057.928 1057.61 1057.167 1056.653 1057.054 1056.841 1056.187 1054.411 1054.059 1052.932 1051.846 1052.028 1052.752 1053.66 1054.543 1054.516 1053.013 1051.571 1049.449 1045.1 1041.318 1040 1039.841 1039.7 1039.855 1039.874 1039.64 1037.04 1034.467 1029.734 1026.127 1023.003 1020.705 1020.68 1022.266 1024.975 1027.684 1030.341 1032.472 1034.203 1035.704 1036.932 1036.946 1036.58
1025.068 1023.888 1022.707 1021.718 1021.884 1024.165 1026.819 1030.92 1032.752 1034.583 1036.414 1038.24 1040.522 1045.201 1050.177 1052.912 1055.026 1056.257 1055.939 1055.622 1055.234 1054.753 1053.99 1053.872 1053.577 1052.911 1051.774 1051.422 1051.07 1050.571 1050.753 1051.448 1052.169 1053.154 1054.241 1054.347 1052.509 1050.645 1047.669 1045.122 1043.064 1043.093 1043.719 1043.984 1043.911 1042.891 1041.109 1036.418 1030.937 1027.739 1025.019 1022.2 1022.491 1024.135 1026.844 1029.553 1031.959 1034.292 1036.112 1037.819 1039.088 1039.575 1039.163
1027.529 1026.37 1025.315 1024.578 1025.935 1028.215 1029.981 1031.26 1033.029 1034.797 1036.551 1038.067 1039.583 1043.677 1049.241 1052.262 1054.08 1053.951 1053.633 1053.3 1052.819 1052.339 1051.598 1050.784 1050.3 1049.465 1048.491 1048.001 1047.422 1048.011 1048.524 1049.896 1050.782 1051.773 1052.94 1054.607 1053.498 1051.828 1050.284 1047.962 1047.121 1046.971 1047.709 1048.197 1047.891 1046.225 1044.099 1040.849 1035.273 1029.009 1026.216 1023.238 1024.302 1026.004 1028.713 1031.232 1033.577 1035.922 1038.027 1039.751 1040.889 1041.556 1041.835
1028.587 1029.001 1028.012 1027.705 1029.851 1029.915 1029.98 1031.222 1032.913 1034.429 1035.893 1037.345 1038.67 1040.465 1045.611 1049.54 1051.108 1051.513 1051.327 1050.885 1050.405 1049.828 1048.128 1046.5 1045.644 1044.67 1043.705 1043.664 1043.547 1044.41 1045.446 1046.891 1048.82 1050.393 1051.805 1053.629 1054.755 1053.199 1051.775 1050.561 1050.389 1050.297 1050.532 1050.538 1050.289 1049.558 1047.445 1043.905 1039.056 1030.728 1027.255 1024.276 1025.552 1027.873 1030.504 1032.85 1035.195 1037.541 1039.847 1041.955 1043.556 1044.223 1044.445
1026.219 1027.467 1028.696 1029.322 1029.278 1029.235 1029.191 1030.63 1032.082 1033.535 1034.957 1036.207 1037.557 1039.025 1040.559 1044.182 1046.65 1047.525 1047.505 1046.536 1045.447 1044.134 1042.495 1041.729 1040.861 1039.906 1039.185 1039.26 1039.885 1040.957 1042.445 1044.144 1046.098 1048.604 1050.684 1052.406 1053.896 1054.204 1052.604 1051.927 1051.728 1051.561 1051.797 1051.602 1051.335 1050.878 1050.078 1045.995 1041.369 1034.002 1028.909 1025.683 1026.72 1029.742 1032.122 1034.468 1036.813 1039.38 1041.62 1044.124 1046.222 1046.802 1046.94
1023.678 1024.925 1026.09 1026.907 1027.171 1027.127 1027.083 1029.441 1031.176 1032.494 1033.744 1034.994 1036.455 1037.442 1038.49 1039.612 1040.901 1041.958 1041.621 1040.833 1039.931 1038.863 1037.803 1037.346 1037.026 1036.278 1035.847 1035.919 1036.698 1037.889 1039.589 1042.221 1044.771 1047.104 1049.377 1051.435 1053.365 1054.908 1053.776 1053.307 1053.068 1052.825 1052.933 1052.666 1052.203 1051.583 1050.632 1048.151 1043.292 1037.276 1031.204 1029.173 1029.385 1032.034 1034.659 1037.248 1039.837 1043.176 1045.332 1046.783 1048.415 1049.297 1049.436
1021.135 1022.382 1023.335 1024.152 1024.969 1025.02 1024.976 1027.605 1030.031 1031.281 1032.531 1033.886 1034.893 1035.694 1036.807 1037.585 1037.777 1038.015 1037.413 1036.935 1036.201 1034.899 1033.851 1033.182 1033.095 1032.65 1032.51 1032.577 1033.461 1034.789 1037.949 1040.912 1043.331 1045.89 1048.605 1050.938 1052.797 1053.924 1054.975 1054.687 1054.39 1054.096 1053.982 1053.483 1052.984 1052.287 1051.246 1050.189 1045.495 1040.323 1035.074 1033.024 1032.445 1034.945 1037.601 1040.414 1043.774 1047.163 1048.99 1050.32 1051.223 1051.839 1051.982
1018.765 1019.747 1020.581 1021.397 1022.214 1022.913 1022.869 1025.445 1027.724 1030.068 1031.318 1032.343 1033.144 1034.003 1034.998 1035.134 1035.141 1035.024 1034.203 1033.364 1032.466 1031.258 1029.912 1029.223 1028.884 1028.828 1028.906 1029.293 1030.209 1033.085 1036.146 1040.033 1042.604 1045.192 1047.907 1050.442 1051.68 1052.907 1053.703 1054.017 1054.311 1054.637 1054.762 1054.263 1053.764 1052.992 1052.02 1051.001 1049.407 1044.115 1039.171 1037.019 1036.222 1037.854 1040.822 1045.088 1048.32 1050.405 1051.321 1052.511 1053.545 1054.399 1054.541
1016.532 1016.882 1017.671 1018.546 1019.421 1020.276 1020.994 1023.029 1025.389 1027.796 1029.729 1030.595 1031.396 1032.32 1032.79 1032.683 1032.505 1032.035 1030.998 1029.591 1028.103 1027.305 1026.233 1025.779 1024.813 1024.436 1024.492 1025.85 1027.728 1030.32 1035.345 1040.18 1042.621 1045.062 1047.379 1049.081 1050.744 1051.739 1052.432 1052.73 1053.017 1053.541 1054.24 1054.938 1054.545 1053.719 1052.938 1051.813 1050.707 1048.705 1044.14 1042.024 1040.528 1042.067 1045.681 1049.918 1051.141 1052.159 1053.152 1054.083 1055.656 1056.77 1057.201
1013.826 1014.073 1014.719 1015.594 1016.469 1017.333 1018.632 1020.648 1023.037 1025.698 1027.427 1028.481 1029.536 1030.198 1030.582 1030.232 1029.514 1028.495 1026.368 1024.258 1022.523 1023.03 1022.484 1022.336 1021.383 1020.374 1021.134 1022.898 1026.115 1029.587 1034.4 1039.161 1042.011 1044.033 1045.527 1047.297 1049.298 1050.555 1051.156 1051.432 1051.86 1052.449 1053.147 1053.846 1054.523 1054.691 1053.75 1052.788 1051.833 1050.921 1050.233 1049.167 1047.354 1047.961 1050.222 1051.317 1052.412 1053.76 1054.922 1055.9 1057.228 1058.8 1059.979
1011.018 1011.265 1011.768 1012.634 1013.478 1014.414 1016.132 1018.363 1020.909 1023.782 1025.125 1026.18 1027.697 1028.021 1028.4 1027.337 1026.748 1024.741 1022.58 1019.408 1016.964 1018.108 1018.21 1018.296 1019.631 1020 1020 1022.176 1025.648 1028.878 1033.112 1037.8 1040.687 1042.397 1043.237 1045.312 1047.063 1048.549 1049.437 1050.203 1050.74 1051.356 1052.045 1052.693 1053.414 1054.228 1054.869 1053.926 1052.984 1052.215 1051.636 1051.244 1050.867 1051.323 1051.973 1052.655 1053.75 1054.901 1056.306 1057.686 1058.8 1060 1060
1008.993 1009.132 1009.367 1009.804 1010.54 1011.63 1013.815 1016.029 1018.969 1021.769 1023.002 1024.638 1025.8 1025.853 1026.218 1025.28 1023.837 1022.729 1019.927 1014.675 1011.925 1012.658 1012.905 1014.523 1015.846 1017.107 1018.705 1021.951 1025.157 1028.362 1031.593 1034.851 1038.109 1040.318 1041.327 1042.338 1042.855 1043.373 1044.217 1045.644 1048.193 1050.217 1050.866 1051.514 1052.294 1053.062 1053.989 1054.913 1054.196 1053.577 1053.052 1052.662 1052.855 1053.237 1053.981 1054.598 1055.198 1056.183 1057.448 1058.853 1060 1060 1060
1007.413 1007.564 1007.807 1008.244 1008.757 1009.61 1011.43 1014.067 1016.967 1019.751 1021.535 1022.903 1023.853 1023.881 1023.981 1023.142 1021.864 1020.42 1015.335 1009.853 1006.469 1006.34 1008.508 1010.749 1012.718 1016.016 1019.314 1022.545 1025.758 1028.971 1032.029 1034.992 1037.073 1036.846 1037.652 1038.014 1038.375 1038.63 1038.91 1039.909 1041.961 1044.982 1048.364 1050.36 1051.116 1051.922 1052.847 1053.828 1054.445 1054.965 1054.468 1054.514 1054.896 1055.278 1055.949 1056.622 1057.222 1057.822 1058.616 1059.994 1060 1060 1060
1005.835 1006.009 1006.246 1006.687 1007.264 1008.387 1009.439 1011.422 1014.226 1017.323 1019.777 1021.168 1021.906 1021.909 1021.744 1020.905 1019.758 1016.532 1012.266 1006.065 1002.497 1000 1003.793 1008.808 1013.264 1016.917 1020.202 1023.019 1025.835 1028.652 1031.348 1033.428 1034.434 1033.969 1034.028 1034.39 1034.448 1034.244 1034.455 1035.261 1037.146 1039.792 1043.344 1047.36 1049.803 1050.8 1051.86 1052.49 1053.091 1053.629 1054.264 1056.255 1056.937 1057.319 1057.8 1058.645 1059.247 1059.847 1061.092 1060.205 1060 1060 1060
1004.28 1004.454 1004.686 1005.155 1006.041 1007.068 1008.031 1009.526 1012.414 1015.336 1017.281 1019.153 1019.952 1019.922 1019.371 1018.266 1017.174 1013.366 1009.398 1003.716 1000 1000 1002.49 1009.298 1013.514 1017.351 1020.652 1023.297 1025.789 1027.745 1029.702 1031.193 1031.796 1031.092 1030.405 1030.267 1030.063 1029.901 1029.914 1030.984 1033.415 1036.261 1039.934 1043.56 1046.525 1049.678 1050.546 1051.136 1051.729 1052.316 1053.442 1056.137 1057.88 1058.809 1059.739 1060 1063.108 1064.575 1066.041 1065.888 1062.225 1060 1060
1002.725 1002.899 1003.125 1003.695 1004.731 1005.51 1006.624 1008.507 1010.411 1012.882 1015.382 1016.877 1017.616 1017.482 1016.965 1015.434 1014.263 1011.188 1006.461 1001.363 999.9647 1000 1004.623 1010.219 1013.643 1017.068 1020.32 1022.557 1024.795 1026.99 1029.074 1029.557 1029.323 1028.081 1027.218 1027.125 1026.982 1026.746 1026.248 1027.188 1030.322 1034.192 1038.329 1042.459 1046.222 1048.925 1049.378 1049.831 1050.414 1051.101 1052.62 1055.315 1058.01 1059.505 1060 1060.983 1065.926 1069.524 1070.991 1071.57 1067.907 1064.245 1060.582
1001.17 1001.344 1001.565 1002.395 1003.174 1003.977 1005.57 1007.32 1008.919 1011.154 1013.373 1014.601 1015.182 1015.058 1014.56 1013.029 1011.497 1008.665 1004.365 1000.116 997.3486 999.5439 1005.109 1010.635 1014.027 1017.437 1020.58 1022.703 1024.788 1026.873 1028.564 1028.712 1027.436 1025.102 1024.125 1024.063 1023.921 1023.511 1023.945 1026.325 1029.588 1034.169 1038.941 1042.804 1045.89 1047.883 1048.336 1048.342 1048.72 1049.819 1051.798 1054.395 1056.888 1059.782 1060 1062.556 1067.5 1072.443 1075.94 1077.253 1073.59 1069.927 1066.264
999.7164 999.8448 1000.059 1000.837 1001.616 1002.633 1004.397 1005.787 1007.548 1009.608 1011.188 1012.256 1012.747 1012.675 1012.154 1010.623 1009.12 1007.191 1003.118 998.7004 995.6389 1000.056 1006.332 1011.349 1014.673 1017.673 1020.479 1022.587 1024.672 1026.757 1027.755 1026.825 1025.549 1023.406 1021.032 1020.93 1020.773 1022.814 1025.084 1027.353 1030.313 1034.565 1039.215 1042.473 1045.559 1046.841 1046.905 1046.286 1046.779 1047.932 1049.431 1051.884 1054.815 1058.399 1060 1064.13 1069.073 1074.017 1078.96 1082.356 1079.272 1075.61 1071.947
998.5701 998.6985 998.9911 999.5151 1000.058 1001.305 1002.654 1004.175 1006.288 1007.849 1009.151 1009.874 1010.312 1010.291 1009.814 1008.272 1006.789 1005.305 1001.574 996.8727 995.4939 1000.906 1007.234 1011.643 1014.588 1017.533 1020.306 1022.447 1024.555 1026.64 1026.214 1024.938 1023.662 1021.71 1018.634 1017.048 1020.827 1023.253 1025.679 1028.166 1030.928 1034.854 1038.933 1042.198 1045.227 1045.469 1044.85 1044.231 1044.837 1046.218 1047.469 1049.999 1053.159 1057.016 1060.76 1065.704 1070.362 1074.969 1079.577 1083.685 1081.934 1077.919 1073.861
997.4238 997.5645 997.9429 998.4668 998.985 999.963 1000.872 1002.99 1004.687 1006.148 1007.782 1008.16 1008.555 1008.46 1007.743 1006.582 1004.468 1002.974 999.9651 994.5764 996.3342 1001.924 1007.898 1011.789 1014.45 1017.11 1019.77 1021.887 1024.328 1025.603 1024.327 1023.051 1021.775 1020.014 1015.739 1016.505 1021.017 1023.621 1026.146 1028.671 1031.605 1034.995 1038.385 1041.673 1044.032 1043.413 1042.795 1042.176 1043.004 1044.06 1045.842 1048.418 1052.039 1055.999 1059.035 1062.991 1067.303 1071.615 1075.501 1078.021 1077.331 1075.052 1071.143
996.2775 996.4621 996.8945 997.4185 998.0612 999.0391 1000 1001.58 1003.155 1004.771 1006.101 1006.446 1007.356 1007.184 1005.91 1005.233 1003.333 1001.219 997.8412 992.5302 997.2462 1002.506 1007.642 1011.402 1013.995 1016.588 1019.18 1021.176 1023.023 1023.605 1022.52 1021.235 1019.906 1016.895 1011.453 1017.105 1021.346 1023.959 1026.572 1029.176 1032.188 1035.071 1037.423 1039.465 1041 1040.973 1040.537 1040.1 1040.825 1041.766 1044.472 1047.721 1051.187 1054.531 1057.594 1059.675 1063.639 1067.318 1070.312 1072.003 1071.71 1069.973 1067.665
995.1394 995.3598 995.8463 996.3305 997.1373 998.1152 999.0434 1000.162 1001.759 1003.432 1004.387 1005.134 1005.964 1005.763 1004.908 1003.359 1002.186 1000.084 995.2876 992.6032 997.8824 1002.798 1007.236 1011.074 1013.626 1016.036 1017.696 1019.217 1020.741 1021.184 1020.541 1018.966 1016.52 1014.075 1012.714 1018.707 1021.695 1023.881 1026.18 1028.765 1031.505 1033.761 1035.771 1037.045 1036.729 1036.281 1035.306 1035.709 1037.322 1040.772 1044.105 1047.227 1050.207 1053.666 1055.827 1057.907 1059.644 1062.148 1064.727 1065.984 1065.929 1064.643 1062.616
994.0371 994.274 994.798 995.2355 996.2134 997.1599 998.0834 999.1542 1000.42 1002.093 1002.86 1003.988 1004.572 1004.343 1003.737 1002.399 1000.809 997.8614 993.4611 993.1652 997.9753 1002.61 1006.808 1010.588 1012.589 1014.373 1015.702 1017.244 1017.453 1018.063 1016.733 1014.198 1012.262 1010.489 1014.272 1020.094 1022.278 1024.462 1026.614 1028.57 1030.044 1032.05 1033.344 1033.508 1032.511 1031.365 1030.3 1031.559 1034.664 1040.606 1043.54 1046.49 1049.439 1052.009 1054.229 1056.283 1057.521 1058.882 1059.704 1059.989 1059.988 1059.699 1058.958
992.9348 993.2257 993.7023 994.3116 995.2896 996.057 997.1234 998.2509 999.3798 1000.613 1001.714 1002.821 1003.18 1002.923 1002.326 1001.337 999.6024 995.4222 991.5015 993.3461 997.8147 1002.159 1006.385 1008.934 1011.05 1012.329 1013.729 1014.319 1014.167 1014.129 1012.392 1009.682 1010 1010 1015.439 1020.321 1022.418 1024.306 1025.93 1027.499 1028.863 1029.56 1030.106 1029.783 1028.65 1027.199 1026.143 1029.439 1033.838 1040.019 1042.953 1045.666 1047.846 1050.551 1052.771 1054.163 1055.628 1057.003 1057.775 1058.005 1058.1 1057.811 1056.997
