DEM数据/dem.txt
ncols         413
nrows         357
xllcorner     5280.8177688837
yllcorner     1275.157143892
cellsize      5
NODATA_value  -9999
[rows 252 to 279 of 357, columns 63 to 125 of 413]
990.36 990 990 987.9643 985.8706 983.7769 981.6832 979.5966 977.5133 975.4301 973.6714 972.4216 970.6854 970 969.2697 969.3374 968.1548 966.1918 964.2288 961.3345 959.0508 957.5675 955.9985 954.1336 951.4095 950.855 952.2267 953.5723 954.773 956.3335 957.894 959.4545 961.459 963.2861 965.1132 967.9511 970.7083 972.7708 974.2225 975.9812 977.644 979.2332 981.2412 983.6395 986.2612 989.3472 991.217 992.8704 994.5743 996.2782 997.9821 997.9879 996.1287 994.3011 992.7105 991.34 989.9453 987.6982 985.3706 984.4265 983.4652 982.3371 981.1599
990 990 989.2388 987.7286 985.7367 983.7164 981.6961 979.6332 977.347 975.0609 972.7748 970.5694 970 969.3042 967.7736 967.2006 968.3652 968.0999 966.1368 963.2448 960.9178 959.0621 957.3561 955.3547 952.6307 950.4468 950.7343 952.0573 953.4959 955.0564 956.6019 958.1355 959.1832 960.3619 962.6454 965.3673 968.6906 971.1527 972.9115 974.6703 976.2899 977.8791 979.4683 981.6317 984.419 987.0488 989.7444 991.644 993.4199 995.1957 996.8608 997.7907 996.8939 995.2117 993.6994 992.3289 990.9599 989.0039 987.1385 986.1306 984.9534 983.4072 981.6848
989.0544 988.9636 987.8043 986.9469 985.531 983.6642 981.8016 979.7736 977.4825 975.0667 972.6508 970.2349 969.8801 968.2928 966.7055 965.5341 965.8623 967.3931 968.0449 965.5309 962.9719 960.5031 958.7137 956.5759 953.8519 951.1278 950.108 950.6556 952.1892 953.7228 955.2564 956.5346 957.5531 958.6521 959.881 962.45 966.0089 969.6674 971.6006 973.3465 974.9357 976.525 978.2207 979.8284 982.4047 985.0959 988.0116 990.7509 992.4795 994.1094 995.2306 996.1501 996.7936 996.1223 994.6904 993.3519 991.9271 990.0431 988.4102 986.6878 984.9653 983.2429 981.5204
987.6658 987.8358 987.0542 985.7292 984.655 983.354 981.4623 979.4868 977.0988 974.7089 972.293 970 968.8687 967.2814 965.6941 964.2735 963.4649 964.8902 966.2532 967.2756 964.524 962.1304 960.0856 957.7971 955.0731 952.3425 950 950 950.8438 952.3773 953.886 954.9045 956.071 957.2999 958.5716 959.8805 963.2142 966.9115 970.2896 971.9924 973.6111 975.4604 977.0557 978.6668 980.4642 983.1555 986.2789 989.4849 991.3534 992.654 993.59 994.5339 994.8738 995.3169 994.5764 993.619 992.0571 989.7045 987.8224 986.5235 984.8011 983.0786 981.3562
986.4118 986.6208 986.1017 985.1122 983.7872 982.4623 981.1771 979.0844 976.6959 974.3074 971.9813 969.7519 967.8573 966.27 964.6827 963.0954 961.9849 962.3873 963.5311 964.5266 965.6301 963.7029 961.454 958.9839 956.2494 953.5737 951.1846 950 950 951.0319 952.2611 953.4921 954.843 956.1938 957.5284 958.8531 960.8787 964.4564 968.0339 970.8662 972.6968 974.291 975.894 977.5051 979.1162 981.215 984.3513 987.3873 990.0712 991.0298 991.9738 992.6838 993.1492 993.6224 993.0844 992.1354 990.9333 989.1916 987.3506 985.4685 984.1706 982.9144 981.1919
985.1578 985.3715 985.016 984.3037 983.1702 981.8452 980.5203 978.91 976.6856 974.4613 972.237 970.0101 967.8724 965.7353 963.6713 962.084 960.7733 959.8074 960.7052 961.8646 963.081 963.2742 962.4488 960.1323 957.4217 954.9879 952.1683 948.9658 945.8801 949.323 951.1143 952.4651 953.816 955.1669 956.486 958.0062 959.5265 962.5521 966.2554 969.861 971.5275 973.1217 974.7324 976.3435 977.9546 979.497 981.8649 984.9843 987.3238 989.1392 990.3678 990.9816 991.5844 991.9162 991.5925 990.7208 989.7062 988.0782 986.4528 984.9313 983.1146 981.7553 980.5463
983.9038 984.1222 983.8447 983.2399 982.5057 981.2281 979.8732 978.1371 976.4011 974.4417 972.2173 969.9929 967.7403 965.5251 963.5121 961.499 959.422 957.9856 958.3495 959.462 960.3994 961.08 961.3767 960.4557 958.4897 955.6165 952.7432 949.8091 945.6672 946.3845 950.0873 951.4382 952.7891 954.1189 955.6391 957.1794 958.7369 960.7 964.0988 967.4228 970.3582 971.9596 973.5846 975.2632 976.7521 978.1691 979.7503 982.8728 985.0383 986.7813 988.5019 989.2633 990.0195 990.2101 989.9983 989.9689 989.2221 987.0366 985.3481 983.7201 982.1925 980.671 978.3745
982.6498 982.8729 982.6734 982.1761 981.4419 980.6111 979.0646 977.3286 975.5925 973.8565 972.1205 969.973 967.7204 965.4678 963.2151 961.0346 958.8997 956.636 956.1254 957.2798 958.1078 958.9227 959.113 958.6965 956.5576 954.5441 952.342 949.6004 945.6663 944.174 947.3115 950.4113 951.7518 953.2856 954.8431 956.4041 957.8633 959.7364 962.6695 965.7736 968.7701 970.8986 972.5772 974.0262 975.5789 977.1566 978.7751 980.5234 983.0226 984.8767 986.5254 987.2868 988.3809 989.9402 989.9301 989.9055 988.987 986.7428 984.4986 982.6934 980.9901 978.4254 974.3928
981.3959 981.6235 981.5021 981.0249 980.3781 979.5554 978.3923 976.7186 975.0096 973.2736 971.5376 969.7412 967.4769 965.2125 963.0959 961.032 958.9019 956.6359 953.9746 954.9721 955.9523 956.9831 957.2343 956.4246 955.0425 952.9036 950.7646 948.394 945.6812 942.452 945.4904 948.66 950.9549 952.5157 954.0451 955.4257 957.3088 959.1919 961.772 964.5345 967.1815 969.8248 971.4384 972.991 974.5628 976.1545 977.6409 979.1272 980.9752 983.4197 984.549 985.7004 987.3906 989.0939 989.8619 989.842 988.7518 986.5077 984.2635 982.0193 980.0669 976.0829 971.0214
980.1419 980.3741 980.2639 979.7102 979.1437 978.227 977.2973 976.0664 974.4243 972.7507 971.0718 969.2964 967.3503 965.4042 963.3541 961.2902 959.1504 956.5088 954.149 952.9818 954.0126 955.0435 955.7559 954.3669 953.5275 951.3885 949.1232 946.6238 944.1246 942.2031 943.5846 946.9797 950.1884 951.5667 952.9982 954.8812 956.749 958.5145 960.4985 963.201 965.8567 968.2373 970.403 971.9691 973.4861 974.9819 976.4861 978.0135 979.6729 981.811 983.0206 984.6969 986.4003 988.1036 989.7936 989.7786 988.5167 986.2726 984.0284 981.842 979.9133 974.9224 969.9859
979.244 978.2696 978.0516 977.3919 977.3679 976.8987 975.9819 975.0214 973.6992 972.1097 970.4564 968.6666 966.8747 965.0828 963.2908 961.4989 959.5961 957.2524 955.3947 953.537 952.0729 953.1038 954.1346 952.8886 951.4996 949.8522 947.6076 945.8843 944.161 942.4377 942.1755 945.5705 948.6298 950.5434 952.2936 954.0439 955.84 957.6615 959.483 961.8885 964.2692 966.6427 968.995 970.8524 972.3566 973.8608 975.365 977.0245 978.684 980.3406 982.0073 983.7065 985.4099 987.1133 988.8167 989.7151 988.2816 986.0374 984.0429 982.1683 980.2938 975.7913 971.809
977.2615 975.9919 975.5814 975.0736 975.2475 975.3856 974.6536 973.7085 972.7455 971.3318 969.7951 968.1417 966.4884 964.8457 963.2417 961.6377 960.0336 958.4974 956.6403 954.7827 952.9249 951.1642 952.195 951.4103 950.0213 948.8624 947.8422 946.1189 944.3956 942.6723 940.949 944.1614 946.9185 949.3852 951.3441 953.1655 954.9524 956.7272 958.4951 960.2511 962.6182 964.9467 967.2661 969.5856 971.2354 972.7396 974.376 976.088 977.7347 979.3487 981.0129 982.7162 984.4196 986.1229 987.8263 989.5297 988.1184 986.2438 984.3693 982.4962 980.648 977.7498 974.0204
975.1859 973.9391 973.1111 972.7553 973.1271 973.6573 973.2869 972.3955 971.4326 970.385 969.1404 967.7755 966.3851 964.8253 963.2213 961.6172 960.0132 958.7969 957.1806 955.5643 953.9479 952.3129 950.4552 949.9152 948.1858 947.3018 946.7488 945.9306 944.6302 942.9069 941.1836 942.7522 945.3436 947.7032 950.3049 952.0798 953.8546 955.6295 957.3163 959.0577 961.0922 963.3296 965.567 967.8567 970.1143 971.7684 973.5157 975.1395 976.7224 978.3453 980.002 981.7065 983.4109 985.1155 986.9423 988.7086 988.6376 986.7894 984.9758 983.2645 981.6089 979.8987 976.2987
973.1104 971.8865 970.6409 970.4229 971.0068 971.6982 971.5588 971.0801 970.1196 969.2896 968.3543 967.0818 965.6915 964.3011 962.9108 961.5205 960 959.0964 957.4801 955.8637 954.2474 952.8234 950.9742 948.2712 946.3451 945.7413 945.1883 944.6352 943.8804 942.8209 941.4183 941.3431 943.6351 945.8244 948.7107 950.9821 952.7569 954.4546 956.2957 958.1368 959.978 962.2106 964.4479 966.6853 968.9513 970.9304 972.5026 974.0658 975.7042 977.3608 979.0408 980.8643 982.7061 984.5012 986.251 988.0009 989.3045 987.5923 985.8906 984.235 982.5795 980.924 978.4092
971.0953 969.7094 967.1091 967.4631 968.4349 969.4067 969.7509 969.2062 968.8392 968.1834 967.3722 966.3881 964.9977 963.6074 962.2172 961.3544 960.5246 959.5107 958.1733 956.8359 955.3198 952.9211 950.7202 948.1913 945.7845 944.4971 943.6277 943.0747 942.5217 941.8303 940.7707 940 941.1528 944.0392 946.9255 949.8118 951.6926 953.5338 955.3749 957.2161 959.0572 961.0916 963.329 965.5955 967.7225 969.7958 971.4092 973.0767 974.8839 976.6912 978.4985 980.2776 981.9504 983.6243 985.2982 986.9721 988.646 988.5166 986.8611 985.2056 983.55 981.8945 980.239
970.6085 968.095 964.903 964.8138 965.8888 966.9638 967.2098 966.6652 966.3998 966.0456 965.6913 965.337 964.5501 963.9314 963.3127 962.6939 962.0752 961.0164 959.511 957.4968 955.5309 953.6757 951.8206 949.6577 947.5426 946.2552 944.9678 943.6805 942.3931 941.1057 939.994 940 940 942.8556 945.2592 948.2813 950.7159 952.5708 954.4258 956.2808 958.1357 959.9775 962.1258 964.288 966.4868 968.6127 970.1891 971.9042 973.6193 975.3344 977.0495 979.1623 981.0294 982.7007 984.372 986.0433 987.7131 989.3265 987.6948 986.0631 984.4314 982.7997 981.168
970.1265 967.8047 965.0733 962.9827 963.5009 964.576 964.7054 964.1288 963.9604 963.6061 963.2519 964.062 966.0894 965.6041 964.9854 964.3666 963.9628 962.6191 961.2906 959.6648 957.8097 955.9545 954.0994 951.6553 949.3007 948.0133 946.5615 945.0972 943.6329 941.8616 940.0477 937.6732 938.4501 940.65 943.9376 946.7742 949.5731 951.572 953.427 955.282 957.137 959.256 961.4292 963.5423 965.6213 967.4484 968.8883 970.391 972.106 973.8211 975.8032 977.9623 980.11 981.7813 983.4526 985.1238 986.7765 988.4216 988.4725 986.8408 985.2091 983.5774 981.9642
969.4314 967.4103 965.2436 962.5121 961.5995 962.1881 962.2136 961.6357 961.5031 961.1835 961.871 964.3339 966.899 967.2768 966.6581 966.0393 965.8242 964.4246 963.2255 961.6503 960.0751 958.2333 956.3782 953.7174 950.9169 948.9673 947.5031 945.8542 944.0403 942.2264 940.4125 938.062 936.7101 939.4742 942.4683 945.2672 948.0661 950.5732 952.4282 954.3668 956.4736 958.3242 960.5509 962.6299 964.7088 966.1779 967.6178 969.0577 970.5928 972.503 974.5811 976.7623 978.9435 980.8618 982.5331 984.1948 985.8399 987.485 989.1301 987.6185 985.9868 984.3551 982.8265
968.1607 966.5176 964.6121 962.591 960.6486 960.2164 959.7661 959.2281 959.1254 960.0834 962.0406 964.6058 967.1709 968.3616 968.3307 967.843 967.4269 966.4408 965.1605 963.5852 962.01 960.4348 958.4595 956.028 952.9172 949.8553 948.0329 946.219 944.4051 942.5911 940.7772 938.5493 935.0737 937.7819 940.7466 943.6198 946.493 949.3579 951.433 953.2557 955.0784 957.3234 959.6035 961.7174 963.4674 964.9073 966.3473 967.8539 969.3782 971.2652 973.381 975.5623 977.7435 979.9247 981.6132 983.2582 984.9033 986.5484 988.1935 988.3962 986.7645 985.2017 983.6888
965.736 965.0453 963.3621 961.4921 959.5542 958.1392 957.3546 957.0861 957.2354 959.5481 962.132 964.8776 967.4427 969.2616 969.7339 969.8671 969.3977 968.457 967.0953 965.5201 963.9472 962.3325 960.6028 957.8314 954.3595 950.8876 948.6152 946.7549 944.8945 943.0341 941.1769 938.7508 935.3994 935.9893 939.0962 941.8625 944.3708 947.215 950.0379 951.8607 954.0427 956.3228 958.6028 960.7569 962.2469 963.8297 965.395 966.8043 968.4128 970.0274 972.181 974.3623 976.5513 978.7502 980.6685 982.3203 983.9667 985.6118 987.2569 988.902 987.5768 986.064 984.5511
963.3029 962.6945 961.93 960.2065 958.0379 955.9666 954.6353 954.502 956.4482 959.4474 961.9942 964.7443 967.4943 970.1895 970.8655 971.1622 970.6979 970.2363 969.0399 967.4731 965.7874 964.0095 962.0682 960.0301 956.5795 953.1077 949.7873 947.9312 946.075 944.2188 941.7536 938.9815 935.4612 934.3843 937.6761 940.8627 943.3616 945.8606 948.3596 950.6305 952.8619 955.0933 957.3247 959.6974 961.3882 962.8737 964.2603 965.8389 967.4218 969.0118 971.1119 973.3107 975.5095 977.5587 979.6009 981.3383 982.9998 984.6613 986.3229 987.9552 988.2833 986.7642 985.245
960.8698 960.2614 959.6047 958.5859 956.5215 954.3158 952.5481 955.0457 957.2104 959.5294 962.834 966.2675 969.6314 970.9025 971.9214 972.1727 971.7386 971.1368 970.4426 969.2422 967.4367 965.5164 963.3853 961.3503 958.832 955.3603 951.8485 949.1169 946.8917 944.586 942.2879 939.7955 936.3038 932.7068 936.256 939.8051 942.3618 944.8607 947.1912 949.2408 951.4049 953.6363 955.9001 958.362 960.3524 961.739 963.265 964.5793 966.0658 968.0647 970.07 972.2485 974.3287 976.4703 978.5131 980.4518 982.1134 983.8146 985.4576 986.8903 988.3831 987.3188 985.7997
958.5951 958.1747 957.4787 956.5743 954.5568 952.493 952.824 955.642 958.2188 960.4314 963.648 967.3144 970.2322 971.277 972.326 973.241 972.6989 972.1125 971.3353 970.4414 968.9645 966.7809 964.7056 962.6707 960.6357 957.6129 954.1011 950.2542 947.8983 945.4836 943.0953 940.606 936.8472 932.9229 934.7963 938.385 941.3619 943.8033 945.8529 947.9025 949.9521 952.1793 954.5647 956.6357 958.7864 960.5401 961.7368 963.1198 965.1187 967.1 969.0611 971.2136 973.3392 975.3814 977.4236 979.4833 981.3499 982.9603 984.3328 985.8255 987.3182 987.8735 986.3544
955.7771 956.1298 955.6103 954.3016 952.5916 951.0519 953.5865 956.3987 959.0832 961.8323 964.6082 967.3841 970.3178 971.4137 972.5235 973.6465 973.7967 973.0456 972.2094 971.2656 970.1202 968.0609 966.0259 963.991 961.9561 959.8654 956.165 952.2948 949.0802 946.7785 944.0133 941.1904 937.6782 933.6074 933.1947 936.8793 940.3619 942.465 944.5146 946.5643 948.6139 950.7144 952.7624 954.8757 957.1019 958.6727 960.1561 962.019 963.882 965.9091 968.0759 970.1866 972.1993 974.2119 976.3806 978.5966 980.4629 981.7752 983.2679 984.7606 986.2533 987.746 986.9091
952.9591 953.6237 953.5734 952.2471 950.6264 951.2138 954.3185 957.289 959.9734 962.8133 965.6547 968.3094 970.2129 971.3517 972.4905 973.6294 974.853 974.0556 973.0745 971.9291 970.7872 969.282 967.2093 965.1365 963.0638 960.8644 957.7236 954.0294 950.4529 947.5708 944.787 941.8512 938.322 934.2586 931.4116 935.0095 938.472 941.1312 943.181 945.2307 947.1649 949.0084 950.9649 953.2236 955.2604 956.7742 958.7368 960.6639 962.6475 964.431 966.5494 968.8385 971.0226 973.0406 975.0391 976.9609 979.0059 980.7611 982.2031 983.6957 985.1885 986.6812 987.4637
952.2212 951.4504 951.4704 950.3788 950.0524 951.9459 955.0506 958.1553 960.9142 963.7261 965.8052 967.8844 969.9636 971.1189 972.2577 973.553 974.9551 974.9451 973.8826 972.7604 971.4163 970.0722 968.0386 965.8691 963.6624 961.4812 958.4109 955.194 951.6918 948.541 945.4529 942.2996 938.9879 935.3974 931.8069 932.8455 936.2551 939.6649 941.8483 943.6998 945.5198 947.4044 949.41 951.6104 953.3839 955.3464 957.1342 958.8665 960.6085 962.8865 965.1756 967.3112 969.3998 971.5549 973.6982 975.8416 977.9818 980.0787 981.5022 982.9177 984.3329 985.748 987.164
951.6728 950.9409 950.1701 949.8868 950 952.5516 955.6667 958.8163 961.2219 963.301 965.3802 967.4594 969.5385 970.886 972.195 973.6232 975.0606 975.9154 974.6423 973.3074 971.9924 970.6822 969.0153 966.9476 964.4087 961.4814 958.4111 955.1943 952.4596 948.8004 945.2833 942.0396 938.6682 935.0804 932.8347 931.5488 934.7563 937.9639 940.2347 942.0338 943.9581 945.9147 947.956 949.8926 951.6754 953.4413 955.1794 956.8264 959.1126 961.5126 963.738 966.0197 968.1093 970.3333 972.4766 974.6199 976.7632 978.8559 980.6398 982.0549 983.4701 984.8907 986.3135
951.1153 950.4125 948.2933 947.1833 950.8864 953.6456 956.4048 959.1099 961.4027 963.358 965.3132 967.2611 969.1951 970.8173 972.2173 973.6174 975.1467 976.681 975.366 974.0543 972.7518 971.4493 970.1471 967.3953 964.4991 961.6028 959.0132 956.4927 952.9088 949.1508 945.4905 941.8302 938.8166 936.6417 933.8084 930.4448 933.6523 935.9141 937.7787 940.5118 942.4362 944.4607 945.8517 947.6075 949.7017 951.4533 953.0565 954.9263 957.6237 960.4146 962.6163 964.5943 966.8331 969.072 971.2549 973.3983 975.4944 977.5826 979.671 981.1906 982.4077 983.6247 984.8418
